41
116
238
48
265
65
249
256
66
124
221
172
180
225
219
79
235
40
220
136
230
111
134
146
11
96
209
70
144
106
194
58
244
197
16
80
107
114
215
38
262
54
177
28
59
152
150
231
57
131
126
5
21
99
98
49
258
211
204
83
97
29
67
183
53
102
4
85
255
175
78
128
120
158
187
39
228
200
105
94
233
140
213
236
63
51
196
147
36
229
12
168
74
259
118
76
250
119
142
205
253
3
224
15
123
42
191
160
26
62
13
151
89
137
50
135
189
190
87
56
14
139
81
115
23
176
226
243
222
43
167
132
25
34
186
68
125
214
17
164
208
251
1
24
185
141
178
77
217
22
232
210
163
198
216
241
149
45
10
242
171
27
157
257
156
109
30
138
161
165
88
33
90
192
143
155
61
248
52
246
179
212
112
129
127
174
64
55
261
159
263
166
202
100
8
95
37
18
148
184
245
32
264
254
31
240
92
46
218
44
223
181
188
239
71
173
7
101
73
2
182
35
237
121
170
113
260
117
203
122
75
82
169
93
154
6
252
162
91
69
130
19
86
133
145
20
60
207
201
193
84
47
247
206
195
72
234
9
108
227
153