197
219
181
14
124
138
129
21
90
159
212
255
72
60
246
232
173
74
182
230
175
140
77
69
67
211
122
236
120
241
215
258
145
126
59
88
238
151
39
194
13
245
209
149
216
264
250
101
87
167
57
265
229
141
109
193
26
86
183
202
206
113
5
144
22
29
10
136
226
30
35
65
177
213
192
184
262
204
61
123
252
48
251
143
198
119
153
189
11
221
53
146
225
47
38
180
186
231
89
116
260
37
117
201
64
239
107
49
160
24
91
203
150
40
94
115
179
52
71
45
118
82
208
244
28
240
261
148
105
161
154
164
162
63
210
80
142
8
20
125
158
168
43
92
106
155
6
9
166
66
188
165
256
15
178
44
205
85
81
133
259
163
17
121
235
247
217
31
228
111
99
41
130
169
218
249
12
195
18
248
207
127
93
176
75
185
73
223
134
83
62
108
98
243
55
128
58
97
227
222
131
79
139
254
190
171
234
1
174
95
76
242
27
152
25
16
100
132
196
23
137
233
51
32
214
157
135
114
7
70
56
257
253
156
224
54
237
96
84
33
191
220
36
46
50
200
3
68
4
42
102
19
147
170
187
172
78
112
263
34